52-34=18,  1703,  10.4069,  127
48-32=16,  1689,  10.4932,  111
52-38=14,  1687,  10.5056,  128
62-43=19,  1687,  10.5056,  128
72-14=58,  1687,  10.5056,  149
54-36=18,  1685,  10.5181,  112
56-37=19,  1684,  10.5243,  203
68-21=47,  1683,  10.5306,  143
62-13=49,  1681,  10.5431,  155
54-38=16,  1680,  10.5494,  113
56-39=17,  1680,  10.5494,  203
58-21=37,  1678,  10.5620,  165
72-54=18,  1678,  10.5620,  129
45-27=18,  1677,  10.5683,  106
84-21=63,  1677,  10.5683,  130
56-19=37,  1676,  10.5746,  216
58-42=16,  1675,  10.5809,  105
54-18=36,  1672,  10.5999,  146
62-49=13,  1671,  10.6062,  128
74-21=53,  1671,  10.6062,  164
54-16=38,  1670,  10.6126,  142
57-21=36,  1668,  10.6253,  140
58-12=46,  1668,  10.6253,  125
71-23=48,  1668,  10.6253,  152
72-13=59,  1668,  10.6253,  210
72-18=54,  1668,  10.6253,  149
72-53=19,  1668,  10.6253,  154
45-17=28,  1667,  10.6317,  147
68-27=41,  1665,  10.6444,  133
56-17=39,  1664,  10.6508,  216
52-14=38,  1663,  10.6572,  131
48-12=36,  1661,  10.6701,  113
71-43=28,  1659,  10.6829,  146
72-58=14,  1659,  10.6829,  130
46-27=19,  1658,  10.6894,  131
61-34=27,  1658,  10.6894,  136
48-36=12,  1657,  10.6958,  105
68-41=27,  1655,  10.7088,  147
69-21=48,  1655,  10.7088,  161
47-32=15,  1651,  10.7347,  148
61-24=37,  1651,  10.7347,  159
61-37=24,  1651,  10.7347,  136
62-19=43,  1651,  10.7347,  155
58-31=27,  1650,  10.7412,  156
58-46=12,  1650,  10.7412,  101
45-28=17,  1649,  10.7477,  126
46-19=27,  1649,  10.7477,  154
64-29=35,  1649,  10.7477,  140
81-24=57,  1649,  10.7477,  163
81-27=54,  1649,  10.7477,  163
45-18=27,  1648,  10.7542,  147
63-15=48,  1648,  10.7542,  153
68-23=45,  1648,  10.7542,  140
73-54=19,  1647,  10.7608,  168
84-23=61,  1647,  10.7608,  118
52-18=34,  1645,  10.7739,  139
62-47=15,  1645,  10.7739,  124
46-29=17,  1644,  10.7804,  131
69-41=28,  1643,  10.7870,  174
73-14=59,  1643,  10.7870,  154
43-27=16,  1642,  10.7935,  117
74-23=51,  1641,  10.8001,  159
45-26=19,  1640,  10.8067,  153
49-32=17,  1640,  10.8067,  143
46-17=29,  1639,  10.8133,  154
72-19=53,  1639,  10.8133,  210
68-47=21,  1638,  10.8199,  152
71-28=43,  1638,  10.8199,  152
78-32=46,  1638,  10.8199,  114
84-61=23,  1638,  10.8199,  125
72-59=13,  1637,  10.8265,  154
91-34=57,  1637,  10.8265,  164
61-27=34,  1636,  10.8331,  159
74-16=58,  1636,  10.8331,  134
78-42=36,  1636,  10.8331,  118
47-29=18,  1635,  10.8398,  118
49-37=12,  1635,  10.8398,  139
57-31=26,  1635,  10.8398,  162
65-27=38,  1635,  10.8398,  152
58-27=31,  1634,  10.8464,  167
64-25=39,  1634,  10.8464,  140
75-26=49,  1634,  10.8464,  162
45-29=16,  1633,  10.8530,  153
71-48=23,  1633,  10.8530,  146
68-25=43,  1632,  10.8597,  140
81-57=24,  1632,  10.8597,  160
84-63=21,  1632,  10.8597,  132
74-51=23,  1631,  10.8663,  140
94-21=73,  1630,  10.8730,  169
43-25=18,  1629,  10.8797,  149
48-16=32,  1629,  10.8797,  116
59-47=12,  1629,  10.8797,  148
62-17=45,  1629,  10.8797,  161
59-42=17,  1628,  10.8864,  152
81-54=27,  1628,  10.8864,  160
85-21=64,  1628,  10.8864,  143
86-32=54,  1628,  10.8864,  138
95-31=64,  1628,  10.8864,  142
58-16=42,  1627,  10.8931,  119
65-17=48,  1627,  10.8931,  142
75-29=46,  1627,  10.8931,  162
59-43=16,  1626,  10.8998,  125
63-18=45,  1626,  10.8998,  153
74-18=56,  1626,  10.8998,  134
79-21=58,  1626,  10.8998,  182
59-31=28,  1625,  10.9065,  164
73-19=54,  1625,  10.9065,  152
91-37=54,  1625,  10.9065,  166
43-28=15,  1624,  10.9132,  119
47-28=19,  1624,  10.9132,  118
57-39=18,  1624,  10.9132,  124
60-12=48,  1623,  10.9199,  190
62-15=47,  1623,  10.9199,  161
68-43=25,  1623,  10.9199,  125
57-19=38,  1622,  10.9266,  157
63-45=18,  1622,  10.9266,  112
64-39=25,  1622,  10.9266,  158
43-26=17,  1621,  10.9334,  135
49-12=37,  1621,  10.9334,  143
59-12=47,  1620,  10.9401,  168
59-21=38,  1620,  10.9401,  163
65-37=28,  1620,  10.9401,  138
81-32=49,  1620,  10.9401,  182
87-31=56,  1620,  10.9401,  160
47-12=35,  1619,  10.9469,  132
47-19=28,  1619,  10.9469,  177
79-23=56,  1619,  10.9469,  186
57-38=19,  1618,  10.9536,  149
93-41=52,  1618,  10.9536,  138
59-13=46,  1617,  10.9604,  180
62-45=17,  1617,  10.9604,  124
63-48=15,  1617,  10.9604,  113
94-23=71,  1617,  10.9604,  172
45-16=29,  1616,  10.9672,  144
74-53=21,  1616,  10.9672,  144
47-35=12,  1615,  10.9740,  116
58-37=21,  1615,  10.9740,  165
71-26=45,  1615,  10.9740,  179
73-59=14,  1615,  10.9740,  128
82-63=19,  1615,  10.9740,  169
45-19=26,  1614,  10.9808,  144
67-29=38,  1614,  10.9808,  140
60-42=18,  1613,  10.9876,  137
75-46=29,  1613,  10.9876,  162
87-23=64,  1613,  10.9876,  122
43-16=27,  1612,  10.9944,  140
65-18=47,  1612,  10.9944,  142
75-49=26,  1612,  10.9944,  162
95-21=74,  1612,  10.9944,  168
98-31=67,  1612,  10.9944,  172
57-26=31,  1611,  11.0012,  143
67-49=18,  1611,  11.0012,  136
71-25=46,  1611,  11.0012,  179
81-35=46,  1610,  11.0081,  169
50-34=16,  1609,  11.0149,  169
86-34=52,  1609,  11.0149,  123
67-28=39,  1608,  11.0218,  140
81-39=42,  1608,  11.0218,  182
79-51=28,  1607,  11.0286,  176
91-24=67,  1607,  11.0286,  172
91-27=64,  1607,  11.0286,  172
43-17=26,  1606,  11.0355,  140
43-18=25,  1606,  11.0355,  138
57-18=39,  1606,  11.0355,  144
65-47=18,  1606,  11.0355,  113
91-23=68,  1606,  11.0355,  198
86-14=72,  1605,  11.0424,  126
93-51=42,  1605,  11.0424,  162
68-45=23,  1604,  11.0493,  125
81-42=39,  1604,  11.0493,  159
82-13=69,  1604,  11.0493,  194
97-41=56,  1604,  11.0493,  166
43-15=28,  1603,  11.0561,  137
64-35=29,  1603,  11.0561,  158
65-28=37,  1603,  11.0561,  152
74-56=18,  1603,  11.0561,  132
78-46=32,  1603,  11.0561,  119
49-17=32,  1602,  11.0630,  146
50-32=18,  1602,  11.0630,  188
67-18=49,  1602,  11.0630,  155
67-48=19,  1602,  11.0630,  136
92-34=58,  1602,  11.0630,  152
95-34=61,  1602,  11.0630,  154
98-41=57,  1602,  11.0630,  190
83-24=59,  1601,  11.0700,  147
87-24=63,  1601,  11.0700,  123
79-26=53,  1600,  11.0769,  176
81-49=32,  1600,  11.0769,  163
85-24=61,  1600,  11.0769,  122
59-17=42,  1599,  11.0838,  156
59-46=13,  1599,  11.0838,  158
69-12=57,  1599,  11.0838,  153
69-28=41,  1599,  11.0838,  159
73-25=48,  1599,  11.0838,  137
76-41=35,  1599,  11.0838,  154
79-31=48,  1599,  11.0838,  184
60-21=39,  1598,  11.0907,  212
75-12=63,  1598,  11.0907,  167
85-61=24,  1598,  11.0907,  137
67-19=48,  1597,  11.0977,  155
75-62=13,  1597,  11.0977,  161
78-36=42,  1597,  11.0977,  112
81-45=36,  1597,  11.0977,  157
82-17=65,  1597,  11.0977,  141
82-47=35,  1597,  11.0977,  139
86-12=74,  1597,  11.0977,  126
98-42=56,  1597,  11.0977,  138
76-31=45,  1596,  11.1046,  149
83-29=54,  1596,  11.1046,  147
91-54=37,  1596,  11.1046,  164
47-18=29,  1595,  11.1116,  177
67-39=28,  1595,  11.1116,  158
71-46=25,  1595,  11.1116,  165
75-63=12,  1595,  11.1116,  139
81-36=45,  1595,  11.1116,  169
85-39=46,  1595,  11.1116,  140
86-52=34,  1595,  11.1116,  120
87-51=36,  1595,  11.1116,  160
79-53=26,  1594,  11.1186,  176
50-36=14,  1593,  11.1255,  152
67-38=29,  1593,  11.1255,  158
82-37=45,  1593,  11.1255,  137
82-67=15,  1593,  11.1255,  135
83-64=19,  1593,  11.1255,  120
57-36=21,  1592,  11.1325,  172
75-13=62,  1592,  11.1325,  144
78-13=65,  1592,  11.1325,  154
86-49=37,  1592,  11.1325,  160
95-61=34,  1592,  11.1325,  141
73-28=45,  1591,  11.1395,  131
82-69=13,  1591,  11.1395,  169
93-42=51,  1591,  11.1395,  152
39-24=15,  1590,  11.1465,  173
50-12=38,  1590,  11.1465,  177
60-13=47,  1590,  11.1465,  171
91-57=34,  1590,  11.1465,  166
92-38=54,  1590,  11.1465,  152
96-21=75,  1590,  11.1465,  176
60-48=12,  1589,  11.1536,  140
65-48=17,  1589,  11.1536,  130
86-54=32,  1589,  11.1536,  121
94-36=58,  1589,  11.1536,  154
98-37=61,  1589,  11.1536,  183
86-29=57,  1588,  11.1606,  169
69-17=52,  1587,  11.1676,  134
71-45=26,  1587,  11.1676,  165
74-58=16,  1587,  11.1676,  132
83-14=69,  1587,  11.1676,  169
65-38=27,  1586,  11.1747,  138
79-28=51,  1586,  11.1747,  188
79-41=38,  1586,  11.1747,  179
83-27=56,  1586,  11.1747,  137
59-16=43,  1585,  11.1817,  180
73-45=28,  1585,  11.1817,  135
78-63=15,  1585,  11.1817,  128
83-69=14,  1585,  11.1817,  118
12+36=48,  1584,  11.1888,  113
60-18=42,  1584,  11.1888,  172
60-43=17,  1584,  11.1888,  150
70-21=49,  1584,  11.1888,  233
87-63=24,  1584,  11.1888,  132
98-46=52,  1584,  11.1888,  131
60-31=29,  1583,  11.1958,  199
67-13=54,  1583,  11.1958,  141
81-46=35,  1583,  11.1958,  157
83-19=64,  1583,  11.1958,  169
86-74=12,  1583,  11.1958,  110
93-52=41,  1582,  11.2029,  174
94-71=23,  1582,  11.2029,  158
76-45=31,  1581,  11.2100,  167
83-54=29,  1581,  11.2100,  158
87-36=51,  1581,  11.2100,  160
98-61=37,  1581,  11.2100,  195
69-57=12,  1580,  11.2171,  143
86-27=59,  1580,  11.2171,  169
86-39=47,  1580,  11.2171,  168
91-28=63,  1580,  11.2171,  198
48+21=69,  1579,  11.2242,  165
82-65=17,  1579,  11.2242,  126
83-59=24,  1579,  11.2242,  150
95-24=71,  1579,  11.2242,  167
69-52=17,  1578,  11.2313,  168
50-14=36,  1577,  11.2384,  195
79-56=23,  1577,  11.2384,  202
18+27=45,  1576,  11.2456,  134
82-19=63,  1576,  11.2456,  194
82-45=37,  1576,  11.2456,  139
12+46=58,  1575,  11.2527,  114
47-15=32,  1575,  11.2527,  140
67-53=14,  1575,  11.2527,  120
83-26=57,  1575,  11.2527,  137
91-63=28,  1575,  11.2527,  169
32+16=48,  1574,  11.2598,  157
78-65=13,  1574,  11.2598,  134
85-36=49,  1574,  11.2598,  140
85-49=36,  1574,  11.2598,  149
91-67=24,  1574,  11.2598,  161
39-25=14,  1573,  11.2670,  133
70-41=29,  1573,  11.2670,  225
89-37=52,  1573,  11.2670,  157
94-38=56,  1573,  11.2670,  154
42+17=59,  1572,  11.2742,  181
47+21=68,  1572,  11.2742,  138
60-47=13,  1572,  11.2742,  150
69-48=21,  1572,  11.2742,  184
85-64=21,  1572,  11.2742,  121
86-37=49,  1572,  11.2742,  168
91-64=27,  1572,  11.2742,  161
70-12=58,  1571,  11.2813,  204
73-48=25,  1571,  11.2813,  127
82-15=67,  1571,  11.2813,  141
82-35=47,  1571,  11.2813,  137
85-12=73,  1571,  11.2813,  158
87-64=23,  1571,  11.2813,  137
98-51=47,  1571,  11.2813,  198
37+19=56,  1570,  11.2885,  248
67-54=13,  1570,  11.2885,  159
84-69=15,  1570,  11.2885,  139
85-13=72,  1570,  11.2885,  158
86-72=14,  1570,  11.2885,  116
95-71=24,  1570,  11.2885,  161
70-52=18,  1569,  11.2957,  174
97-46=51,  1569,  11.2957,  178
59-38=21,  1568,  11.3029,  158
67-14=53,  1568,  11.3029,  152
76-35=41,  1568,  11.3029,  157
97-51=46,  1568,  11.3029,  149
98-47=51,  1568,  11.3029,  202
17+39=56,  1567,  11.3101,  144
45+23=68,  1567,  11.3101,  180
84-19=65,  1567,  11.3101,  161
86-47=39,  1567,  11.3101,  160
16+32=48,  1566,  11.3174,  110
36+21=57,  1566,  11.3174,  143
40-23=17,  1566,  11.3174,  156
50-38=12,  1566,  11.3174,  194
95-64=31,  1566,  11.3174,  161
18+29=47,  1565,  11.3246,  132
41+27=68,  1565,  11.3246,  134
60-17=43,  1564,  11.3318,  171
97-32=65,  1564,  11.3318,  188
50-16=34,  1563,  11.3391,  195
59-28=31,  1563,  11.3391,  163
78-15=63,  1563,  11.3391,  154
98-67=31,  1563,  11.3391,  199
92-14=78,  1562,  11.3464,  188
92-54=38,  1562,  11.3464,  149
79-14=65,  1561,  11.3536,  164
19+37=56,  1560,  11.3609,  144
32+17=49,  1560,  11.3609,  212
39+17=56,  1560,  11.3609,  248
94-73=21,  1560,  11.3609,  156
98-23=75,  1559,  11.3682,  203
36+12=48,  1558,  11.3755,  158
87-56=31,  1558,  11.3755,  163
95-27=68,  1558,  11.3755,  193
19+27=46,  1556,  11.3901,  159
89-32=57,  1556,  11.3901,  162
79-38=41,  1555,  11.3974,  190
98-52=46,  1555,  11.3974,  159
83-57=26,  1554,  11.4048,  133
97-35=62,  1554,  11.4048,  171
40-27=13,  1553,  11.4121,  156
42+16=58,  1553,  11.4121,  155
96-25=71,  1553,  11.4121,  190
17+29=46,  1552,  11.4195,  159
28+17=45,  1552,  11.4195,  162
50-18=32,  1552,  11.4195,  178
12+37=49,  1551,  11.4268,  159
16+38=54,  1551,  11.4268,  127
79-15=64,  1551,  11.4268,  164
84-65=19,  1551,  11.4268,  136
38+21=59,  1550,  11.4342,  182
79-58=21,  1550,  11.4342,  187
94-56=38,  1550,  11.4342,  158
96-12=84,  1550,  11.4342,  138
52+17=69,  1549,  11.4416,  215
83-56=27,  1549,  11.4416,  143
85-46=39,  1549,  11.4416,  149
89-57=32,  1549,  11.4416,  165
91-68=23,  1549,  11.4416,  169
93-28=65,  1549,  11.4416,  168
94-16=78,  1549,  11.4416,  178
18+39=57,  1548,  11.4490,  135
31+26=57,  1548,  11.4490,  198
41+28=69,  1548,  11.4490,  164
85-73=12,  1548,  11.4490,  126
18+36=54,  1547,  11.4564,  103
38+19=57,  1547,  11.4564,  200
46+12=58,  1547,  11.4564,  156
85-72=13,  1547,  11.4564,  160
89-24=65,  1547,  11.4564,  146
93-25=68,  1547,  11.4564,  156
97-62=35,  1547,  11.4564,  195
98-56=42,  1547,  11.4564,  160
31+28=59,  1546,  11.4638,  200
29+17=46,  1544,  11.4786,  198
37+21=58,  1544,  11.4786,  159
40-13=27,  1544,  11.4786,  209
92-18=74,  1544,  11.4786,  188
28+41=69,  1543,  11.4861,  157
94-18=76,  1543,  11.4861,  178
21+37=58,  1542,  11.4935,  163
36+18=54,  1542,  11.4935,  173
84-15=69,  1542,  11.4935,  161
89-13=76,  1542,  11.4935,  155
92-58=34,  1542,  11.4935,  149
92-74=18,  1542,  11.4935,  126
14+38=52,  1541,  11.5010,  122
16+42=58,  1541,  11.5010,  108
27+19=46,  1541,  11.5010,  198
86-59=27,  1541,  11.5010,  177
89-52=37,  1541,  11.5010,  157
96-14=82,  1541,  11.5010,  135
97-56=41,  1541,  11.5010,  148
12+47=59,  1540,  11.5084,  143
38+27=65,  1540,  11.5084,  154
38+29=67,  1540,  11.5084,  177
39-14=25,  1540,  11.5084,  188
56+23=79,  1540,  11.5084,  219
60-39=21,  1540,  11.5084,  203
80-31=49,  1540,  11.5084,  237
17+28=45,  1539,  11.5159,  155
26+31=57,  1539,  11.5159,  164
43+25=68,  1539,  11.5159,  169
35+29=64,  1538,  11.5234,  171
21+47=68,  1537,  11.5309,  149
27+41=68,  1537,  11.5309,  143
40-17=23,  1537,  11.5309,  209
47+12=59,  1537,  11.5309,  222
53+26=79,  1537,  11.5309,  246
38+16=54,  1536,  11.5384,  143
98-57=41,  1536,  11.5384,  183
31+27=58,  1535,  11.5459,  160
34+27=61,  1535,  11.5459,  145
60-29=31,  1535,  11.5459,  205
70-49=21,  1535,  11.5459,  239
79-64=15,  1534,  11.5535,  136
94-58=36,  1534,  11.5535,  158
96-71=25,  1534,  11.5535,  177
25+43=68,  1533,  11.5610,  137
70-18=52,  1533,  11.5610,  204
70-29=41,  1533,  11.5610,  228
95-74=21,  1533,  11.5610,  165
32+46=78,  1532,  11.5685,  130
39+18=57,  1532,  11.5685,  229
70-14=56,  1532,  11.5685,  194
70-58=12,  1532,  11.5685,  205
95-28=67,  1532,  11.5685,  193
97-65=32,  1532,  11.5685,  202
21+36=57,  1531,  11.5761,  213
35+12=47,  1531,  11.5761,  234
39-15=24,  1531,  11.5761,  148
46+13=59,  1531,  11.5761,  167
79-48=31,  1531,  11.5761,  179
93-65=28,  1531,  11.5761,  156
16+29=45,  1530,  11.5837,  150
18+34=52,  1530,  11.5837,  122
18+49=67,  1530,  11.5837,  145
27+18=45,  1530,  11.5837,  183
28+31=59,  1530,  11.5837,  212
34+18=52,  1529,  11.5912,  177
79-65=14,  1529,  11.5912,  136
93-68=25,  1529,  11.5912,  156
12+35=47,  1528,  11.5988,  133
15+32=47,  1528,  11.5988,  168
43+16=59,  1528,  11.5988,  195
54+18=72,  1528,  11.5988,  168
80-24=56,  1528,  11.5988,  178
28+19=47,  1527,  11.6064,  205
86-57=29,  1527,  11.6064,  177
95-67=28,  1527,  11.6064,  172
32+15=47,  1525,  11.6216,  206
80-21=59,  1525,  11.6216,  244
92-78=14,  1525,  11.6216,  122
16+43=59,  1524,  11.6293,  162
16+27=43,  1523,  11.6369,  113
37+28=65,  1523,  11.6369,  161
80-41=39,  1523,  11.6369,  232
45+18=63,  1522,  11.6445,  173
89-16=73,  1522,  11.6445,  141
89-25=64,  1522,  11.6445,  132
19+38=57,  1521,  11.6522,  155
28+37=65,  1521,  11.6522,  148
37+12=49,  1521,  11.6522,  237
80-51=29,  1521,  11.6522,  240
98-25=73,  1521,  11.6522,  203
19+28=47,  1520,  11.6599,  151
27+31=58,  1520,  11.6599,  159
43+19=62,  1519,  11.6675,  172
80-26=54,  1519,  11.6675,  178
21+38=59,  1518,  11.6752,  221
42+36=78,  1518,  11.6752,  146
89-14=75,  1518,  11.6752,  177
13+46=59,  1517,  11.6829,  161
15+28=43,  1517,  11.6829,  112
18+47=65,  1517,  11.6829,  117
80-54=26,  1517,  11.6829,  172
90-23=67,  1517,  11.6829,  218
15+24=39,  1516,  11.6906,  155
70-16=54,  1516,  11.6906,  194
98-73=25,  1516,  11.6906,  185
28+39=67,  1515,  11.6983,  164
48+19=67,  1515,  11.6983,  233
58+14=72,  1515,  11.6983,  163
46+29=75,  1514,  11.7061,  196
15+48=63,  1513,  11.7138,  128
70-54=16,  1513,  11.7138,  159
94-76=18,  1513,  11.7138,  145
12+57=69,  1512,  11.7216,  134
18+25=43,  1512,  11.7216,  124
25+39=64,  1512,  11.7216,  166
38+14=52,  1512,  11.7216,  150
46+32=78,  1512,  11.7216,  137
49+13=62,  1512,  11.7216,  172
53+21=74,  1512,  11.7216,  171
80-13=67,  1512,  11.7216,  219
80-56=24,  1512,  11.7216,  164
19+26=45,  1511,  11.7293,  157
48+17=65,  1511,  11.7293,  163
51+28=79,  1511,  11.7293,  206
63+21=84,  1511,  11.7293,  168
63+24=87,  1511,  11.7293,  147
64+23=87,  1511,  11.7293,  141
89-64=25,  1511,  11.7293,  161
21+48=69,  1510,  11.7371,  158
13+49=62,  1509,  11.7449,  113
51+23=74,  1509,  11.7449,  188
54+29=83,  1509,  11.7449,  176
70-56=14,  1509,  11.7449,  202
95-68=27,  1509,  11.7449,  172
23+45=68,  1508,  11.7527,  165
39+28=67,  1508,  11.7527,  177
54+32=86,  1508,  11.7527,  194
90-27=63,  1508,  11.7527,  218
14+58=72,  1507,  11.7605,  138
17+32=49,  1507,  11.7605,  161
18+54=72,  1507,  11.7605,  137
48+15=63,  1507,  11.7605,  143
96-84=12,  1507,  11.7605,  123
36+42=78,  1506,  11.7683,  137
56+31=87,  1506,  11.7683,  198
89-73=16,  1506,  11.7683,  118
54+19=73,  1505,  11.7761,  217
14+25=39,  1504,  11.7839,  141
168/7=24,  1504,  11.7839,  187
26+19=45,  1504,  11.7839,  205
37+24=61,  1504,  11.7839,  157
48+23=71,  1504,  11.7839,  144
54+27=81,  1504,  11.7839,  166
53+19=72,  1503,  11.7917,  218
57+12=69,  1503,  11.7917,  248
72+14=86,  1503,  11.7917,  149
89-74=15,  1503,  11.7917,  135
23+56=79,  1502,  11.7996,  237
52+34=86,  1502,  11.7996,  164
58+21=79,  1502,  11.7996,  177
80-23=57,  1502,  11.7996,  191
95-12=83,  1501,  11.8075,  151
24+37=61,  1500,  11.8153,  160
25+18=43,  1500,  11.8153,  188
26+53=79,  1500,  11.8153,  196
90-63=27,  1500,  11.8153,  241
26+17=43,  1499,  11.8232,  155
36+51=87,  1499,  11.8232,  198
49+18=67,  1499,  11.8232,  233
90-32=58,  1499,  11.8232,  203
96-75=21,  1499,  11.8232,  187
18+45=63,  1497,  11.8390,  107
19+48=67,  1497,  11.8390,  145
52+37=89,  1497,  11.8390,  234
80-63=17,  1497,  11.8390,  151
94-78=16,  1497,  11.8390,  139
15+47=62,  1496,  11.8469,  128
17+42=59,  1496,  11.8469,  154
29+18=47,  1496,  11.8469,  205
45+28=73,  1496,  11.8469,  170
80-17=63,  1496,  11.8469,  219
27+38=65,  1495,  11.8548,  158
31+56=87,  1495,  11.8548,  213
39+25=64,  1495,  11.8548,  171
96-82=14,  1495,  11.8548,  109
14+59=73,  1494,  11.8628,  128
19+43=62,  1494,  11.8628,  110
26+49=75,  1494,  11.8628,  159
54+13=67,  1494,  11.8628,  200
80-27=53,  1494,  11.8628,  191
51+36=87,  1493,  11.8707,  213
95-13=82,  1493,  11.8707,  149
97-13=84,  1493,  11.8707,  163
17+26=43,  1492,  11.8787,  120
49+26=75,  1492,  11.8787,  196
65+13=78,  1492,  11.8787,  184
43+28=71,  1491,  11.8867,  150
59+13=72,  1491,  11.8867,  218
65+24=89,  1491,  11.8867,  205
89-76=13,  1491,  11.8867,  128
90-36=54,  1491,  11.8867,  200
93-15=78,  1491,  11.8867,  157
93-18=75,  1491,  11.8867,  156
45+17=62,  1490,  11.8946,  155
48+31=79,  1490,  11.8946,  191
80-39=41,  1490,  11.8946,  232
80-53=27,  1490,  11.8946,  202
80-67=13,  1490,  11.8946,  151
64+21=85,  1489,  11.9026,  155
89-65=24,  1489,  11.9026,  150
28+43=71,  1488,  11.9106,  146
38+41=79,  1488,  11.9106,  180
90-34=56,  1488,  11.9106,  206
47+18=65,  1487,  11.9186,  186
56+27=83,  1487,  11.9186,  157
61+23=84,  1487,  11.9186,  178
65+14=79,  1487,  11.9186,  205
25+14=39,  1486,  11.9266,  209
28+15=43,  1486,  11.9266,  166
32+54=86,  1486,  11.9266,  164
56+42=98,  1486,  11.9266,  160
46+39=85,  1485,  11.9347,  185
47+39=86,  1485,  11.9347,  150
80-57=23,  1485,  11.9347,  202
89-75=14,  1485,  11.9347,  167
27+34=61,  1484,  11.9427,  160
29+38=67,  1484,  11.9427,  171
35+41=76,  1484,  11.9427,  184
48+25=73,  1484,  11.9427,  165
56+18=74,  1484,  11.9427,  176
58+16=74,  1484,  11.9427,  164
168/24=7,  1483,  11.9508,  251
89-15=74,  1483,  11.9508,  162
36+49=85,  1482,  11.9588,  189
57+24=81,  1482,  11.9588,  166
80-49=31,  1482,  11.9588,  217
90-52=38,  1482,  11.9588,  187
98-75=23,  1482,  11.9588,  185
13+59=72,  1480,  11.9750,  137
23+51=74,  1480,  11.9750,  210
24+57=81,  1480,  11.9750,  181
52+46=98,  1480,  11.9750,  149
21+53=74,  1479,  11.9831,  213
29+16=45,  1479,  11.9831,  205
90-67=23,  1479,  11.9831,  241
93-75=18,  1479,  11.9831,  123
17+48=65,  1478,  11.9912,  130
28+51=79,  1478,  11.9912,  203
74+12=86,  1478,  11.9912,  160
80-29=51,  1478,  11.9912,  244
97-12=85,  1478,  11.9912,  154
54+38=92,  1477,  11.9993,  179
64+15=79,  1477,  11.9993,  205
29+46=75,  1476,  12.0075,  164
93-78=15,  1476,  12.0075,  149
41+38=79,  1475,  12.0156,  185
27+16=43,  1474,  12.0237,  157
53+14=67,  1474,  12.0237,  225
57+29=86,  1474,  12.0237,  215
62+13=75,  1474,  12.0237,  189
32+57=89,  1473,  12.0319,  234
368/92=4,  1473,  12.0319,  208
95-83=12,  1473,  12.0319,  154
19+53=72,  1472,  12.0401,  137
45+37=82,  1472,  12.0401,  159
80-59=21,  1472,  12.0401,  244
18+56=74,  1471,  12.0483,  135
24+59=83,  1471,  12.0483,  174
37+49=86,  1471,  12.0483,  155
12+74=86,  1470,  12.0565,  143
16+58=74,  1470,  12.0565,  135
368/4=92,  1470,  12.0565,  158
64+25=89,  1470,  12.0565,  175
68+23=91,  1470,  12.0565,  193
95-82=13,  1470,  12.0565,  179
24+63=87,  1469,  12.0647,  123
15+63=78,  1468,  12.0729,  114
14+53=67,  1467,  12.0811,  134
24+15=39,  1467,  12.0811,  184
25+48=73,  1467,  12.0811,  177
47+15=62,  1467,  12.0811,  155
49+37=86,  1467,  12.0811,  154
59+14=73,  1467,  12.0811,  252
61+24=85,  1467,  12.0811,  144
72+13=85,  1467,  12.0811,  227
75+23=98,  1467,  12.0811,  195
90-38=52,  1467,  12.0811,  180
97-14=83,  1467,  12.0811,  159
17+52=69,  1466,  12.0894,  144
59+27=86,  1466,  12.0894,  215
65+17=82,  1466,  12.0894,  167
19+54=73,  1465,  12.0976,  152
68+27=95,  1465,  12.0976,  196
14+72=86,  1464,  12.1059,  118
23+48=71,  1464,  12.1059,  158
34+52=86,  1464,  12.1059,  194
45+26=71,  1464,  12.1059,  155
58+34=92,  1464,  12.1059,  197
63+12=75,  1464,  12.1059,  221
90-14=76,  1464,  12.1059,  185
90-54=36,  1464,  12.1059,  206
29+35=64,  1463,  12.1141,  166
45+31=76,  1463,  12.1141,  184
59+24=83,  1463,  12.1141,  200
64+27=91,  1463,  12.1141,  174
75+21=96,  1463,  12.1141,  179
12+63=75,  1462,  12.1224,  123
21+58=79,  1462,  12.1224,  221
23+64=87,  1462,  12.1224,  130
13+54=67,  1461,  12.1307,  145
28+45=73,  1461,  12.1307,  165
58+36=94,  1461,  12.1307,  172
14+69=83,  1460,  12.1390,  129
31+48=79,  1460,  12.1390,  184
46+25=71,  1460,  12.1390,  155
57+26=83,  1460,  12.1390,  158
57+32=89,  1460,  12.1390,  249
63+15=78,  1460,  12.1390,  209
64+19=83,  1460,  12.1390,  154
90-56=34,  1460,  12.1390,  200
23+61=84,  1459,  12.1474,  168
45+36=81,  1459,  12.1474,  174
54+37=91,  1459,  12.1474,  212
138/2=69,  1458,  12.1557,  208
21+63=84,  1457,  12.1640,  178
648/9=72,  1457,  12.1640,  180
65+28=93,  1457,  12.1640,  189
68+25=93,  1457,  12.1640,  207
27+54=81,  1456,  12.1724,  181
35+47=82,  1456,  12.1724,  159
15+64=79,  1455,  12.1808,  137
24+61=85,  1455,  12.1808,  157
97-83=14,  1455,  12.1808,  131
32+49=81,  1454,  12.1891,  167
65+32=97,  1454,  12.1891,  262
35+46=81,  1453,  12.1975,  174
17+45=62,  1452,  12.2059,  116
62+35=97,  1452,  12.2059,  240
56+38=94,  1451,  12.2143,  194
13+65=78,  1450,  12.2228,  125
186/2=93,  1450,  12.2228,  209
25+46=71,  1450,  12.2228,  159
39+47=86,  1450,  12.2228,  155
46+52=98,  1450,  12.2228,  171
49+36=85,  1450,  12.2228,  181
90-58=32,  1450,  12.2228,  178
14+65=79,  1449,  12.2312,  121
42+39=81,  1449,  12.2312,  176
42+56=98,  1449,  12.2312,  149
134/2=67,  1448,  12.2396,  183
146/2=73,  1448,  12.2396,  165
32+65=97,  1448,  12.2396,  240
51+47=98,  1448,  12.2396,  224
63+19=82,  1448,  12.2396,  208
74+21=95,  1448,  12.2396,  163
97-82=15,  1448,  12.2396,  151
56+41=97,  1447,  12.2481,  199
15+67=82,  1446,  12.2566,  138
90-16=74,  1446,  12.2566,  188
97-15=82,  1446,  12.2566,  144
156/4=39,  1445,  12.2651,  186
174/6=29,  1445,  12.2651,  198
73+21=94,  1445,  12.2651,  206
46+35=81,  1444,  12.2735,  174
67+24=91,  1444,  12.2735,  192
258/6=43,  1443,  12.2821,  173
57+41=98,  1443,  12.2821,  243
8*64=512,  1443,  12.2821,  235
152/4=38,  1442,  12.2906,  177
31+45=76,  1442,  12.2906,  173
34+57=91,  1442,  12.2906,  212
36+45=81,  1442,  12.2906,  174
57+34=91,  1442,  12.2906,  256
69+13=82,  1442,  12.2906,  208
156/2=78,  1441,  12.2991,  204
29+54=83,  1441,  12.2991,  200
37+52=89,  1441,  12.2991,  249
71+23=94,  1441,  12.2991,  214
13+62=75,  1440,  12.3076,  136
378/9=42,  1440,  12.3076,  197
41+35=76,  1440,  12.3076,  156
67+31=98,  1440,  12.3076,  195
34+58=92,  1439,  12.3162,  162
61+37=98,  1439,  12.3162,  191
25+64=89,  1438,  12.3248,  165
52+41=93,  1438,  12.3248,  181
21+64=85,  1437,  12.3333,  163
26+45=71,  1437,  12.3333,  159
39+46=85,  1437,  12.3333,  190
62-44=18,  1437,  12.3333,  208
67+28=95,  1437,  12.3333,  211
90-74=16,  1437,  12.3333,  136
97-84=13,  1437,  12.3333,  127
38+56=94,  1434,  12.3591,  172
15+69=84,  1433,  12.3678,  132
19+64=83,  1433,  12.3678,  123
51+46=97,  1433,  12.3678,  246
64+31=95,  1433,  12.3678,  225
37+54=91,  1432,  12.3764,  256
47+35=82,  1432,  12.3764,  169
63+28=91,  1432,  12.3764,  193
8*52=416,  1432,  12.3764,  236
162/3=54,  1431,  12.3850,  164
196/7=28,  1431,  12.3850,  243
41+57=98,  1431,  12.3850,  188
65+19=84,  1431,  12.3850,  169
73+12=85,  1431,  12.3850,  245
13+69=82,  1430,  12.3937,  125
26+57=83,  1430,  12.3937,  150
35+62=97,  1430,  12.3937,  239
27+56=83,  1429,  12.4024,  152
82+14=96,  1429,  12.4024,  197
19+63=82,  1428,  12.4111,  125
24+65=89,  1428,  12.4111,  157
416/8=52,  1428,  12.4111,  185
46+51=97,  1428,  12.4111,  199
73+16=89,  1428,  12.4111,  203
158/2=79,  1427,  12.4198,  218
186/93=2,  1427,  12.4198,  264
2*16/4=8,  1427,  12.4198,  399
36+58=94,  1427,  12.4198,  194
37+45=82,  1427,  12.4198,  160
42+51=93,  1427,  12.4198,  189
84+12=96,  1427,  12.4198,  189
38+54=92,  1426,  12.4285,  197
69+14=83,  1426,  12.4285,  191
73+25=98,  1426,  12.4285,  212
97-85=12,  1426,  12.4285,  152
364/7=52,  1425,  12.4372,  202
37+61=98,  1425,  12.4372,  172
62-48=14,  1425,  12.4372,  208
76+13=89,  1425,  12.4372,  179
90-76=14,  1425,  12.4372,  189
146/73=2,  1424,  12.4459,  210
27+59=86,  1423,  12.4547,  215
31+67=98,  1423,  12.4547,  170
39+42=81,  1423,  12.4547,  198
468/9=52,  1423,  12.4547,  195
12+73=85,  1422,  12.4634,  136
204/3=68,  1422,  12.4634,  238
71+24=95,  1422,  12.4634,  214
78+14=92,  1422,  12.4634,  195
28+63=91,  1421,  12.4722,  190
47+51=98,  1421,  12.4722,  188
512/8=64,  1421,  12.4722,  193
108/2=54,  1420,  12.4810,  233
4*78=312,  1420,  12.4810,  239
51-32=19,  1420,  12.4810,  211
192/3=64,  1419,  12.4898,  189
258/43=6,  1419,  12.4898,  223
71+25=96,  1419,  12.4898,  184
75+14=89,  1419,  12.4898,  232
174/3=58,  1418,  12.4986,  216
28+65=93,  1418,  12.4986,  183
28+67=95,  1418,  12.4986,  194
24+67=91,  1417,  12.5074,  175
312/4=78,  1417,  12.5074,  200
67+15=82,  1417,  12.5074,  174
90-12=78,  1417,  12.5074,  248
49+32=81,  1416,  12.5162,  198
41+56=97,  1415,  12.5251,  246
44-28=16,  1415,  12.5251,  183
29+57=86,  1414,  12.5339,  215
44-26=18,  1414,  12.5339,  183
17+65=82,  1413,  12.5428,  126
25+68=93,  1412,  12.5517,  169
34+61=95,  1412,  12.5517,  225
378/42=9,  1412,  12.5517,  243
4*12/6=8,  1412,  12.5517,  385
52-33=19,  1411,  12.5606,  288
51+42=93,  1409,  12.5784,  211
648/72=9,  1409,  12.5784,  252
24+71=95,  1408,  12.5874,  199
61-13=48,  1408,  12.5874,  167
174/29=6,  1407,  12.5963,  222
52-39=13,  1407,  12.5963,  288
78+16=94,  1407,  12.5963,  231
316/4=79,  1405,  12.6142,  205
32+18=50,  1405,  12.6142,  272
356/4=89,  1405,  12.6142,  193
44-16=28,  1405,  12.6142,  248
62-14=48,  1405,  12.6142,  287
4*8-9=23,  1404,  12.6232,  178
42+18=60,  1404,  12.6232,  178
61+34=95,  1404,  12.6232,  229
9*8/3=24,  1404,  12.6232,  261
90-72=18,  1404,  12.6232,  177
14+36=50,  1402,  12.6412,  147
236/4=59,  1402,  12.6412,  188
7*8-2=54,  1402,  12.6412,  147
12+48=60,  1401,  12.6502,  148
41+52=93,  1401,  12.6502,  235
5*8-4=36,  1401,  12.6502,  162
62-24=38,  1401,  12.6502,  177
13+72=85,  1400,  12.6593,  153
156/39=4,  1400,  12.6593,  273
512/64=8,  1400,  12.6593,  242
74+15=89,  1400,  12.6593,  267
296/8=37,  1399,  12.6683,  197
416/52=8,  1399,  12.6683,  240
47-11=36,  1399,  12.6683,  161
47-31=16,  1399,  12.6683,  147
48+12=60,  1399,  12.6683,  191
53-41=12,  1399,  12.6683,  183
61-12=49,  1399,  12.6683,  186
72-41=31,  1399,  12.6683,  219
23+71=94,  1398,  12.6774,  207
25+73=98,  1398,  12.6774,  166
56-22=34,  1398,  12.6774,  197
27+64=91,  1397,  12.6865,  192
62-28=34,  1397,  12.6865,  179
108/4=27,  1396,  12.6956,  273
74-11=63,  1396,  12.6956,  183
12+38=50,  1395,  12.7047,  163
4*8-3=29,  1395,  12.7047,  187
53-34=19,  1395,  12.7047,  304
7*8-4=52,  1395,  12.7047,  158
134/67=2,  1394,  12.7138,  195
4*92=368,  1394,  12.7138,  199
7*4-3=25,  1394,  12.7138,  190
7*6-4=38,  1394,  12.7138,  187
76+18=94,  1394,  12.7138,  214
8*9/3=24,  1394,  12.7138,  261
90-18=72,  1394,  12.7138,  227
21+73=94,  1393,  12.7229,  214
25+71=96,  1393,  12.7229,  213
3*24/9=8,  1393,  12.7229,  287
364/52=7,  1393,  12.7229,  262
27+68=95,  1392,  12.7320,  212
392/7=56,  1392,  12.7320,  257
53-42=11,  1392,  12.7320,  181
58-11=47,  1392,  12.7320,  175
6*4-1=23,  1392,  12.7320,  188
72-31=41,  1392,  12.7320,  199
16+34=50,  1391,  12.7412,  166
46-31=15,  1391,  12.7412,  146
5*4-2=18,  1391,  12.7412,  198
56-24=32,  1391,  12.7412,  197
63-51=12,  1391,  12.7412,  188
74+18=92,  1391,  12.7412,  195
8*6/12=4,  1391,  12.7412,  327
31+64=95,  1390,  12.7504,  208
38+12=50,  1390,  12.7504,  252
5*4-8=12,  1390,  12.7504,  179
192/64=3,  1389,  12.7595,  235
41-23=18,  1389,  12.7595,  158
61-29=32,  1389,  12.7595,  282
75+18=93,  1389,  12.7595,  229
12+84=96,  1388,  12.7687,  126
342/6=57,  1388,  12.7687,  200
4*79=316,  1388,  12.7687,  249
42-23=19,  1388,  12.7687,  191
61-22=39,  1388,  12.7687,  282
61-43=18,  1388,  12.7687,  167
74-61=13,  1388,  12.7687,  183
267/3=89,  1387,  12.7779,  202
34+16=50,  1387,  12.7779,  222
44-18=26,  1387,  12.7779,  248
6*8-1=47,  1387,  12.7779,  187
6*8/4=12,  1387,  12.7779,  248
63-21=42,  1387,  12.7779,  211
7*24=168,  1387,  12.7779,  311
82+13=95,  1387,  12.7779,  203
56-42=14,  1386,  12.7872,  187
6*8/12=4,  1386,  12.7872,  331
19+65=84,  1385,  12.7964,  137
36-21=15,  1385,  12.7964,  194
48-11=37,  1385,  12.7964,  155
5*6-1=29,  1385,  12.7964,  193
62-18=44,  1385,  12.7964,  287
72-23=49,  1384,  12.8056,  202
18+32=50,  1383,  12.8149,  160
4*6-1=23,  1383,  12.8149,  188
51-12=39,  1383,  12.8149,  190
51-39=12,  1383,  12.8149,  196
58-41=17,  1383,  12.8149,  170
9*6-1=53,  1383,  12.8149,  221
108/54=2,  1382,  12.8242,  282
16+73=89,  1382,  12.8242,  137
18+76=94,  1382,  12.8242,  145
36+14=50,  1382,  12.8242,  223
7*6-8=34,  1382,  12.8242,  187
71-13=58,  1382,  12.8242,  174
752/8=94,  1382,  12.8242,  224
76-24=52,  1382,  12.8242,  212
90-78=12,  1382,  12.8242,  192
92-41=51,  1382,  12.8242,  243
162/54=3,  1381,  12.8335,  238
39+21=60,  1381,  12.8335,  217
4*12/8=6,  1381,  12.8335,  379
4*8/2=16,  1381,  12.8335,  248
468/52=9,  1381,  12.8335,  268
48-31=17,  1381,  12.8335,  148
58-22=36,  1381,  12.8335,  189
592/8=74,  1381,  12.8335,  224
63-11=52,  1381,  12.8335,  194
64-11=53,  1381,  12.8335,  188
4*8/16=2,  1380,  12.8428,  345
5*8-6=34,  1380,  12.8428,  157
52-37=15,  1380,  12.8428,  258
61-18=43,  1380,  12.8428,  174
61-42=19,  1380,  12.8428,  193
65-21=44,  1380,  12.8428,  278
76-22=54,  1380,  12.8428,  211
13+76=89,  1379,  12.8521,  142
196/28=7,  1379,  12.8521,  266
2*16/8=4,  1379,  12.8521,  379
3*24/8=9,  1379,  12.8521,  309
4*8-7=25,  1379,  12.8521,  167
54-31=23,  1379,  12.8521,  249
55-36=19,  1379,  12.8521,  309
6*4-3=21,  1379,  12.8521,  181
8*4-9=23,  1379,  12.8521,  220
